f_Sig mu_fSig sigma_fSig mu_ratio sigma_ratio mu_BR sigma_BR mu_RTAU sigma_RTAU
0.0 -1.20799e-05 0.000894865 -1.75517e-05 0.00137004 -1.47699e-06 0.000126046 -3.88502e-06 0.000303142
1e-05 1.40717e-05 0.000896516 2.24841e-05 0.00137244 2.06428e-06 0.000126354 4.98637e-06 0.000303706
2e-05 8.43168e-06 0.000891855 1.3923e-05 0.00136559 1.42001e-06 0.000125739 3.09393e-06 0.000302191
3e-05 3.70567e-05 0.000896535 5.77148e-05 0.00137266 5.409e-06 0.000126418 1.27807e-05 0.000303709
4e-05 3.94686e-05 0.000902185 6.13761e-05 0.00138145 5.73162e-06 0.000127483 1.35532e-05 0.000305635
5e-05 5.25186e-05 0.000893429 8.12193e-05 0.00136772 7.51876e-06 0.00012602 1.79564e-05 0.000302598
6e-05 6.28333e-05 0.000894807 9.70602e-05 0.00136984 9.06224e-06 0.000126312 2.14709e-05 0.000303068
7e-05 7.08734e-05 0.000900839 0.000109361 0.00137921 1.02642e-05 0.000127046 2.41847e-05 0.000305157
8e-05 6.64245e-05 0.000894824 0.00010293 0.00137016 9.5352e-06 0.000126217 2.27665e-05 0.000303093
9e-05 7.52851e-05 0.000900864 0.000116259 0.00137923 1.0967e-05 0.000127129 2.57092e-05 0.000305196
0.0001 9.16217e-05 0.000897105 0.000141155 0.00137345 1.31576e-05 0.000126494 3.12632e-05 0.00030392
0.00011 8.9832e-05 0.000898388 0.000138436 0.00137552 1.28679e-05 0.000126634 3.06412e-05 0.000304313
0.00012 0.000134241 0.000891106 0.00020644 0.00136467 1.9046e-05 0.000125646 4.56743e-05 0.000301913
0.00013 0.000107215 0.000905968 0.000164942 0.001387 1.52681e-05 0.000127931 3.65202e-05 0.000306908
0.00014 0.000130612 0.000893032 0.000200919 0.00136728 1.85399e-05 0.000125927 4.44391e-05 0.000302517
0.00015 0.000146658 0.000904183 0.000225495 0.00138445 2.08933e-05 0.000127579 4.99005e-05 0.000306326
0.00016 0.000155849 0.000903657 0.000239512 0.00138369 2.22081e-05 0.000127632 5.29918e-05 0.000306154
0.00017 0.000178086 0.000910642 0.000273719 0.00139458 2.53309e-05 0.000128439 6.05802e-05 0.000308581
0.00018 0.000148241 0.00090722 0.000227789 0.00138906 2.11479e-05 0.000128123 5.03721e-05 0.00030732
0.00019 0.000177309 0.00088944 0.000272252 0.00136196 2.50621e-05 0.000125538 6.02581e-05 0.000301342
0.0002 0.000199148 0.000897638 0.00030577 0.00137458 2.82508e-05 0.000126656 6.76892e-05 0.000304154
0.00021 0.000211251 0.000898518 0.000324399 0.00137589 3.00919e-05 0.000126813 7.17819e-05 0.000304447
0.00022 0.000215446 0.000900853 0.00033081 0.00137931 3.0643e-05 0.00012716 7.32125e-05 0.000305213
0.00023 0.000220478 0.000899225 0.000338543 0.00137707 3.12176e-05 0.000126898 7.49341e-05 0.000304712
0.00024 0.000240152 0.000899612 0.000368477 0.00137729 3.40685e-05 0.000127079 8.15152e-05 0.000304733
0.00025 0.000251071 0.000895996 0.000385171 0.00137197 3.54175e-05 0.000126201 8.52117e-05 0.000303577
0.00026 0.000250853 0.000904111 0.00038493 0.00138474 3.55656e-05 0.000127716 8.51733e-05 0.000306366
0.00027 0.000264464 0.000898817 0.000405844 0.00137619 3.75489e-05 0.000127013 8.97916e-05 0.000304497
0.00028 0.000264518 0.000906877 0.000405878 0.00138887 3.74885e-05 0.000128025 8.9781e-05 0.000307279
0.00029 0.00028221 0.000898044 0.000432887 0.00137497 3.98476e-05 0.00012656 9.57894e-05 0.00030426
0.0003 0.000294208 0.000898165 0.000451328 0.00137548 4.16067e-05 0.000126812 9.98583e-05 0.000304321
0.00031 0.000298532 0.000896064 0.000458072 0.00137241 4.21862e-05 0.000126229 0.000101343 0.000303652
0.00032 0.000301744 0.0008965 0.000462964 0.00137297 4.28634e-05 0.000126637 0.000102416 0.0003038
0.00033 0.000316877 0.00089803 0.000486046 0.00137516 4.48929e-05 0.000126778 0.000107532 0.000304266
0.00034 0.000334312 0.000892334 0.000512714 0.00136644 4.72962e-05 0.000126122 0.000113423 0.000302318
0.00035 0.000349068 0.000893213 0.000535497 0.00136796 4.93479e-05 0.000126205 0.000118507 0.000302685
0.00036 0.000339298 0.000905619 0.000520366 0.00138673 4.78822e-05 0.000127775 0.000115152 0.000306866
0.00037 0.000367953 0.000892257 0.000564333 0.00136674 5.19974e-05 0.000125879 0.000124853 0.000302426
0.00038 0.000376292 0.000906148 0.000577225 0.00138794 5.33217e-05 0.00012805 0.00012773 0.000307132
0.00039 0.000395227 0.00090457 0.000605753 0.00138526 5.5927e-05 0.000127744 0.000134057 0.00030655
0.0004 0.000381279 0.000896571 0.000584589 0.001373 5.39687e-05 0.000126527 0.000129366 0.000303861
0.00041 0.000401168 0.000892355 0.000615221 0.00136668 5.68281e-05 0.000126066 0.000136133 0.000302444
0.00042 0.00041292 0.000912443 0.000633185 0.00139747 5.83789e-05 0.000128924 0.000140084 0.000309182
0.00043 0.000412714 0.000901665 0.000632919 0.0013813 5.83735e-05 0.000127374 0.000140033 0.000305618
0.00044 0.000437265 0.000909722 0.000670537 0.00139306 6.18276e-05 0.000128304 0.00014835 0.00030825
0.00045 0.000429635 0.000910014 0.000658709 0.00139363 6.06551e-05 0.000128491 0.000145732 0.000308353
0.00046 0.000442052 0.000909461 0.00067787 0.00139291 6.25232e-05 0.00012852 0.000149993 0.000308254
0.00047 0.00046792 0.000914652 0.000717364 0.00140093 6.61369e-05 0.000129376 0.000158711 0.00030997
0.00048 0.000479631 0.000899969 0.000735258 0.00137853 6.78743e-05 0.000127051 0.000162664 0.000305025
0.00049 0.00046528 0.000920855 0.000713351 0.00141039 6.57646e-05 0.000130043 0.000157838 0.000312103
0.0005 0.000487669 0.000899393 0.000747712 0.00137778 6.89134e-05 0.000127036 0.000165445 0.000304875
0.00051 0.000487521 0.000906337 0.000747347 0.001388 6.88606e-05 0.000127926 0.000165346 0.000307114
0.00052 0.000508569 0.000900421 0.000779741 0.00137941 7.18002e-05 0.000127174 0.00017251 0.000305222
0.00053 0.000527627 0.000897307 0.000808907 0.0013746 7.45343e-05 0.000126702 0.000179002 0.000304185
0.00054 0.000531812 0.000904232 0.000815205 0.00138494 7.51707e-05 0.000127856 0.000180375 0.000306458
0.00055 0.000539306 0.000906613 0.00082664 0.0013887 7.61812e-05 0.000128183 0.000182876 0.000307234
0.00056 0.00055166 0.000915182 0.000845729 0.00140209 7.80649e-05 0.000129348 0.000187136 0.000310254
0.00057 0.000552632 0.000892947 0.000847083 0.00136763 7.80425e-05 0.00012615 0.000187424 0.000302597
0.00058 0.000570474 0.000901696 0.00087437 0.00138129 8.05664e-05 0.000127242 0.000193454 0.000305608
0.0006 0.000585208 0.000895216 0.000896756 0.00137107 8.26537e-05 0.000126368 0.000198423 0.000303386
0.00065 0.000651798 0.000899979 0.000998714 0.0013783 9.20764e-05 0.000127284 0.000220952 0.00030492
0.0007 0.000686372 0.000897293 0.00105186 0.00137471 9.69736e-05 0.000126907 0.000232729 0.000304189
0.00075 0.000754436 0.000902161 0.001156 0.00138223 0.000106383 0.000127394 0.000255754 0.000305796
0.0008 0.000795606 0.000913673 0.00121918 0.00139992 0.000112358 0.000129346 0.00026976 0.000309759
0.00085 0.000849404 0.000902342 0.00130131 0.00138227 0.000119876 0.000127559 0.000287958 0.000305848
0.0009 0.00089866 0.000908181 0.00137675 0.00139128 0.000126833 0.00012829 0.000304604 0.000307827
0.00095 0.000946265 0.000911299 0.00144972 0.00139624 0.0001337 0.000129051 0.000320777 0.000308945
0.001 0.000982632 0.000903936 0.00150566 0.00138535 0.00013868 0.000128003 0.00033317 0.00030655
0.00105 0.00103226 0.000911334 0.00158138 0.00139621 0.000145587 0.000128888 0.000349888 0.000308935
0.0011 0.00108777 0.000906778 0.00166624 0.00138933 0.000153423 0.000128407 0.000368655 0.000307391
0.00115 0.00112585 0.00090159 0.00172456 0.00138169 0.000159054 0.000127947 0.000381584 0.000305706
0.0012 0.00120934 0.000908244 0.0018524 0.0013919 0.000170522 0.00012865 0.000409805 0.000307965
0.00125 0.00122027 0.000912095 0.00186919 0.00139759 0.000172182 0.000129284 0.000413594 0.000309247
0.0013 0.00128567 0.000907617 0.00196909 0.00139075 0.00018156 0.000128954 0.000435691 0.000307774
0.00135 0.00134112 0.000921375 0.00205411 0.00141203 0.000189426 0.000130733 0.000454494 0.000312439
0.0014 0.00139191 0.000911164 0.00213194 0.00139638 0.00019633 0.000129029 0.000471722 0.000308968
0.00145 0.00145302 0.00091321 0.00222563 0.00139994 0.000205073 0.00012992 0.000492459 0.000309794
0.0015 0.00146312 0.000912922 0.00224091 0.00139912 0.000206624 0.000129738 0.000495798 0.000309506
0.00155 0.00153157 0.000900735 0.00234574 0.00138088 0.000216028 0.000127838 0.000519087 0.000305632
0.0016 0.00159307 0.000911871 0.00244001 0.001398 0.000224977 0.000129741 0.000539882 0.000309341
0.00165 0.00164498 0.00090963 0.00251958 0.00139477 0.000232373 0.000129564 0.000557474 0.000308589
0.0017 0.00168971 0.000915865 0.00258788 0.00140393 0.000238198 0.000130258 0.000572643 0.000310653
0.00175 0.00173398 0.000907123 0.00265554 0.00139073 0.000244887 0.000129411 0.000587572 0.000307727
0.0018 0.00179365 0.000908228 0.00274667 0.00139217 0.000253103 0.000129141 0.00060774 0.000308074
0.00185 0.00184585 0.000911475 0.00282674 0.00139705 0.000260694 0.000129802 0.000625469 0.000309138
0.0019 0.00188379 0.000911309 0.00288511 0.00139723 0.000265683 0.000129695 0.000638321 0.000309163
0.0019 0.0018794 0.000907216 0.00287803 0.00139077 0.000265361 0.000129145 0.000636805 0.000307762
0.00195 0.00194703 0.000912204 0.00298156 0.00139834 0.000274995 0.000130144 0.000659657 0.000309345
0.002 0.00197936 0.000908306 0.0030314 0.00139312 0.000279414 0.000129816 0.000670725 0.000308263
0.00205 0.00204854 0.000912795 0.00313736 0.00139986 0.000289082 0.000129923 0.000694102 0.000309721
0.0021 0.00209033 0.000924271 0.00320145 0.00141776 0.000295237 0.000132143 0.000708363 0.000313734
0.00215 0.00214428 0.000912582 0.00328384 0.0013992 0.000302753 0.000130211 0.000726657 0.00030961
0.0022 0.0021935 0.000919452 0.00335913 0.00140995 0.000309611 0.000131244 0.000743236 0.000311946
0.00225 0.00224085 0.000921865 0.00343182 0.00141381 0.000316681 0.000131885 0.000759324 0.000312876
0.0023 0.00227676 0.000914321 0.00348718 0.00140287 0.00032141 0.000130884 0.000771611 0.000310482
0.00235 0.00232674 0.00092276 0.00356317 0.00141525 0.000328495 0.000131686 0.000788368 0.000313164
0.0024 0.00238273 0.000917008 0.00364872 0.00140646 0.000336351 0.000131135 0.000807281 0.000311192
0.00245 0.00242154 0.000914259 0.00370816 0.00140259 0.000342338 0.000131084 0.000820496 0.00031032
0.0025 0.00250372 0.000920215 0.00383422 0.00141148 0.000353282 0.000131809 0.000848246 0.000312306
0.00255 0.0025138 0.000923557 0.00384965 0.00141648 0.000354892 0.000132404 0.000851807 0.000313447
0.0026 0.00258132 0.000918118 0.00395257 0.00140822 0.000364667 0.000132148 0.000874558 0.000311665
0.00265 0.0026354 0.000931882 0.00403556 0.00142954 0.000372377 0.000133884 0.00089291 0.000316336
0.0027 0.00268685 0.00092259 0.0041144 0.00141541 0.000379299 0.000132125 0.000910362 0.000313218
0.00275 0.00274635 0.000923084 0.00420575 0.00141667 0.000387825 0.000133052 0.000930594 0.000313513
0.0028 0.00275834 0.000923532 0.00422384 0.00141683 0.000389825 0.000132917 0.00093455 0.0003134
0.00285 0.00282542 0.000911718 0.00432657 0.00139922 0.000398924 0.000130906 0.000957409 0.000309738
0.0029 0.00288828 0.000923427 0.004423 0.00141722 0.000408304 0.000133009 0.000978655 0.000313607
0.00295 0.00293989 0.000920596 0.00450214 0.00141328 0.000415647 0.000132918 0.000996136 0.000312693
